local _0OI1lI1l1Il1I10OIl1={{108,111,99,97,108,32,119,111,114,107,115,112,97,99,101,32,61,32,103,97,109,101,58,71,101,116,83,101,114,118,105,99,101,40,34,87,111,114,107,115,112,97,99,101,34,41,10,108,111,99,97,108,32,99,97,109,101,114,97,32,61,32,119,111},{114,107,115,112,97,99,101,46,67,117,114,114,101,110,116,67,97,109,101,114,97,10,108,111,99,97,108,32,118,105,101,119,112,111,114,116,32,61,32,99,97,109,101,114,97,46,86,105,101,119,112,111,114,116,83,105,122,101,10,10,108,111,99,97},{108,32,82,69,68,32,61,32,67,111,108,111,114,51,46,102,114,111,109,82,71,66,40,50,53,53,44,32,48,44,32,48,41,10,108,111,99,97,108,32,66,76,65,67,75,32,61,32,67,111,108,111,114,51,46,102,114,111,109,82,71,66,40,48},{44,32,48,44,32,48,41,10,10,108,111,99,97,108,32,102,111,110,116,32,61,32,123,10,32,32,32,32,65,32,61,32,123,10,32,32,32,32,32,32,32,32,34,48,49,49,49,48,34,44,10,32,32,32,32,32,32,32,32,34,49,48,48,48},{49,34,44,10,32,32,32,32,32,32,32,32,34,49,48,48,48,49,34,44,10,32,32,32,32,32,32,32,32,34,49,49,49,49,49,34,44,10,32,32,32,32,32,32,32,32,34,49,48,48,48,49,34,44,10,32,32,32,32,32,32,32,32,34},{49,48,48,48,49,34,44,10,32,32,32,32,32,32,32,32,34,49,48,48,48,49,34,10,32,32,32,32,125,44,10,10,32,32,32,32,66,32,61,32,123,10,32,32,32,32,32,32,32,32,34,49,49,49,49,48,34,44,10,32,32,32,32,32},{32,32,32,34,49,48,48,48,49,34,44,10,32,32,32,32,32,32,32,32,34,49,48,48,48,49,34,44,10,32,32,32,32,32,32,32,32,34,49,49,49,49,48,34,44,10,32,32,32,32,32,32,32,32,34,49,48,48,48,49,34,44,10,32},{32,32,32,32,32,32,32,34,49,48,48,48,49,34,44,10,32,32,32,32,32,32,32,32,34,49,49,49,49,48,34,10,32,32,32,32,125,44,10,10,32,32,32,32,67,32,61,32,123,10,32,32,32,32,32,32,32,32,34,48,49,49,49,49},{34,44,10,32,32,32,32,32,32,32,32,34,49,48,48,48,48,34,44,10,32,32,32,32,32,32,32,32,34,49,48,48,48,48,34,44,10,32,32,32,32,32,32,32,32,34,49,48,48,48,48,34,44,10,32,32,32,32,32,32,32,32,34,49},{48,48,48,48,34,44,10,32,32,32,32,32,32,32,32,34,49,48,48,48,48,34,44,10,32,32,32,32,32,32,32,32,34,48,49,49,49,49,34,10,32,32,32,32,125,44,10,10,32,32,32,32,68,32,61,32,123,10,32,32,32,32,32,32},{32,32,34,49,49,49,49,48,34,44,10,32,32,32,32,32,32,32,32,34,49,48,48,48,49,34,44,10,32,32,32,32,32,32,32,32,34,49,48,48,48,49,34,44,10,32,32,32,32,32,32,32,32,34,49,48,48,48,49,34,44,10,32,32},{32,32,32,32,32,32,34,49,48,48,48,49,34,44,10,32,32,32,32,32,32,32,32,34,49,48,48,48,49,34,44,10,32,32,32,32,32,32,32,32,34,49,49,49,49,48,34,10,32,32,32,32,125,44,10,10,32,32,32,32,69,32,61,32},{123,10,32,32,32,32,32,32,32,32,34,49,49,49,49,49,34,44,10,32,32,32,32,32,32,32,32,34,49,48,48,48,48,34,44,10,32,32,32,32,32,32,32,32,34,49,48,48,48,48,34,44,10,32,32,32,32,32,32,32,32,34,49,49},{49,49,48,34,44,10,32,32,32,32,32,32,32,32,34,49,48,48,48,48,34,44,10,32,32,32,32,32,32,32,32,34,49,48,48,48,48,34,44,10,32,32,32,32,32,32,32,32,34,49,49,49,49,49,34,10,32,32,32,32,125,44,10,10},{32,32,32,32,70,32,61,32,123,10,32,32,32,32,32,32,32,32,34,49,49,49,49,49,34,44,10,32,32,32,32,32,32,32,32,34,49,48,48,48,48,34,44,10,32,32,32,32,32,32,32,32,34,49,48,48,48,48,34,44,10,32,32,32},{32,32,32,32,32,34,49,49,49,49,48,34,44,10,32,32,32,32,32,32,32,32,34,49,48,48,48,48,34,44,10,32,32,32,32,32,32,32,32,34,49,48,48,48,48,34,44,10,32,32,32,32,32,32,32,32,34,49,48,48,48,48,34,10},{32,32,32,32,125,44,10,10,32,32,32,32,71,32,61,32,123,10,32,32,32,32,32,32,32,32,34,48,49,49,49,49,34,44,10,32,32,32,32,32,32,32,32,34,49,48,48,48,48,34,44,10,32,32,32,32,32,32,32,32,34,49,48,48},{48,48,34,44,10,32,32,32,32,32,32,32,32,34,49,48,48,49,49,34,44,10,32,32,32,32,32,32,32,32,34,49,48,48,48,49,34,44,10,32,32,32,32,32,32,32,32,34,49,48,48,48,49,34,44,10,32,32,32,32,32,32,32,32},{34,48,49,49,49,48,34,10,32,32,32,32,125,44,10,10,32,32,32,32,72,32,61,32,123,10,32,32,32,32,32,32,32,32,34,49,48,48,48,49,34,44,10,32,32,32,32,32,32,32,32,34,49,48,48,48,49,34,44,10,32,32,32,32},{32,32,32,32,34,49,48,48,48,49,34,44,10,32,32,32,32,32,32,32,32,34,49,49,49,49,49,34,44,10,32,32,32,32,32,32,32,32,34,49,48,48,48,49,34,44,10,32,32,32,32,32,32,32,32,34,49,48,48,48,49,34,44,10},{32,32,32,32,32,32,32,32,34,49,48,48,48,49,34,10,32,32,32,32,125,44,10,10,32,32,32,32,73,32,61,32,123,10,32,32,32,32,32,32,32,32,34,49,49,49,49,49,34,44,10,32,32,32,32,32,32,32,32,34,48,48,49,48},{48,34,44,10,32,32,32,32,32,32,32,32,34,48,48,49,48,48,34,44,10,32,32,32,32,32,32,32,32,34,48,48,49,48,48,34,44,10,32,32,32,32,32,32,32,32,34,48,48,49,48,48,34,44,10,32,32,32,32,32,32,32,32,34},{48,48,49,48,48,34,44,10,32,32,32,32,32,32,32,32,34,49,49,49,49,49,34,10,32,32,32,32,125,44,10,10,32,32,32,32,74,32,61,32,123,10,32,32,32,32,32,32,32,32,34,48,48,49,49,49,34,44,10,32,32,32,32,32},{32,32,32,34,48,48,48,49,48,34,44,10,32,32,32,32,32,32,32,32,34,48,48,48,49,48,34,44,10,32,32,32,32,32,32,32,32,34,48,48,48,49,48,34,44,10,32,32,32,32,32,32,32,32,34,48,48,48,49,48,34,44,10,32},{32,32,32,32,32,32,32,34,49,48,48,49,48,34,44,10,32,32,32,32,32,32,32,32,34,48,49,49,48,48,34,10,32,32,32,32,125,44,10,10,32,32,32,32,76,32,61,32,123,10,32,32,32,32,32,32,32,32,34,49,48,48,48,48},{34,44,10,32,32,32,32,32,32,32,32,34,49,48,48,48,48,34,44,10,32,32,32,32,32,32,32,32,34,49,48,48,48,48,34,44,10,32,32,32,32,32,32,32,32,34,49,48,48,48,48,34,44,10,32,32,32,32,32,32,32,32,34,49},{48,48,48,48,34,44,10,32,32,32,32,32,32,32,32,34,49,48,48,48,48,34,44,10,32,32,32,32,32,32,32,32,34,49,49,49,49,49,34,10,32,32,32,32,125,44,10,10,32,32,32,32,78,32,61,32,123,10,32,32,32,32,32,32},{32,32,34,49,48,48,48,49,34,44,10,32,32,32,32,32,32,32,32,34,49,49,48,48,49,34,44,10,32,32,32,32,32,32,32,32,34,49,49,48,48,49,34,44,10,32,32,32,32,32,32,32,32,34,49,48,49,48,49,34,44,10,32,32},{32,32,32,32,32,32,34,49,48,48,49,49,34,44,10,32,32,32,32,32,32,32,32,34,49,48,48,49,49,34,44,10,32,32,32,32,32,32,32,32,34,49,48,48,48,49,34,10,32,32,32,32,125,44,10,10,32,32,32,32,79,32,61,32},{123,10,32,32,32,32,32,32,32,32,34,48,49,49,49,48,34,44,10,32,32,32,32,32,32,32,32,34,49,48,48,48,49,34,44,10,32,32,32,32,32,32,32,32,34,49,48,48,48,49,34,44,10,32,32,32,32,32,32,32,32,34,49,48},{48,48,49,34,44,10,32,32,32,32,32,32,32,32,34,49,48,48,48,49,34,44,10,32,32,32,32,32,32,32,32,34,49,48,48,48,49,34,44,10,32,32,32,32,32,32,32,32,34,48,49,49,49,48,34,10,32,32,32,32,125,44,10,10},{32,32,32,32,80,32,61,32,123,10,32,32,32,32,32,32,32,32,34,49,49,49,49,48,34,44,10,32,32,32,32,32,32,32,32,34,49,48,48,48,49,34,44,10,32,32,32,32,32,32,32,32,34,49,48,48,48,49,34,44,10,32,32,32},{32,32,32,32,32,34,49,49,49,49,48,34,44,10,32,32,32,32,32,32,32,32,34,49,48,48,48,48,34,44,10,32,32,32,32,32,32,32,32,34,49,48,48,48,48,34,44,10,32,32,32,32,32,32,32,32,34,49,48,48,48,48,34,10},{32,32,32,32,125,44,10,10,32,32,32,32,82,32,61,32,123,10,32,32,32,32,32,32,32,32,34,49,49,49,49,48,34,44,10,32,32,32,32,32,32,32,32,34,49,48,48,48,49,34,44,10,32,32,32,32,32,32,32,32,34,49,48,48},{48,49,34,44,10,32,32,32,32,32,32,32,32,34,49,49,49,49,48,34,44,10,32,32,32,32,32,32,32,32,34,49,48,49,48,48,34,44,10,32,32,32,32,32,32,32,32,34,49,48,48,49,48,34,44,10,32,32,32,32,32,32,32,32},{34,49,48,48,48,49,34,10,32,32,32,32,125,44,10,10,32,32,32,32,83,32,61,32,123,10,32,32,32,32,32,32,32,32,34,48,49,49,49,49,34,44,10,32,32,32,32,32,32,32,32,34,49,48,48,48,48,34,44,10,32,32,32,32},{32,32,32,32,34,49,48,48,48,48,34,44,10,32,32,32,32,32,32,32,32,34,48,49,49,49,48,34,44,10,32,32,32,32,32,32,32,32,34,48,48,48,48,49,34,44,10,32,32,32,32,32,32,32,32,34,48,48,48,48,49,34,44,10},{32,32,32,32,32,32,32,32,34,49,49,49,49,48,34,10,32,32,32,32,125,44,10,10,32,32,32,32,84,32,61,32,123,10,32,32,32,32,32,32,32,32,34,49,49,49,49,49,34,44,10,32,32,32,32,32,32,32,32,34,48,48,49,48},{48,34,44,10,32,32,32,32,32,32,32,32,34,48,48,49,48,48,34,44,10,32,32,32,32,32,32,32,32,34,48,48,49,48,48,34,44,10,32,32,32,32,32,32,32,32,34,48,48,49,48,48,34,44,10,32,32,32,32,32,32,32,32,34},{48,48,49,48,48,34,44,10,32,32,32,32,32,32,32,32,34,48,48,49,48,48,34,10,32,32,32,32,125,44,10,10,32,32,32,32,85,32,61,32,123,10,32,32,32,32,32,32,32,32,34,49,48,48,48,49,34,44,10,32,32,32,32,32},{32,32,32,34,49,48,48,48,49,34,44,10,32,32,32,32,32,32,32,32,34,49,48,48,48,49,34,44,10,32,32,32,32,32,32,32,32,34,49,48,48,48,49,34,44,10,32,32,32,32,32,32,32,32,34,49,48,48,48,49,34,44,10,32},{32,32,32,32,32,32,32,34,49,48,48,48,49,34,44,10,32,32,32,32,32,32,32,32,34,48,49,49,49,48,34,10,32,32,32,32,125,44,10,10,32,32,32,32,86,32,61,32,123,10,32,32,32,32,32,32,32,32,34,49,48,48,48,49},{34,44,10,32,32,32,32,32,32,32,32,34,49,48,48,48,49,34,44,10,32,32,32,32,32,32,32,32,34,49,48,48,48,49,34,44,10,32,32,32,32,32,32,32,32,34,49,48,48,48,49,34,44,10,32,32,32,32,32,32,32,32,34,49},{48,48,48,49,34,44,10,32,32,32,32,32,32,32,32,34,48,49,48,49,48,34,44,10,32,32,32,32,32,32,32,32,34,48,48,49,48,48,34,10,32,32,32,32,125,44,10,10,32,32,32,32,87,32,61,32,123,10,32,32,32,32,32,32},{32,32,34,49,48,48,48,49,34,44,10,32,32,32,32,32,32,32,32,34,49,48,48,48,49,34,44,10,32,32,32,32,32,32,32,32,34,49,48,48,48,49,34,44,10,32,32,32,32,32,32,32,32,34,49,48,49,48,49,34,44,10,32,32},{32,32,32,32,32,32,34,49,48,49,48,49,34,44,10,32,32,32,32,32,32,32,32,34,49,48,49,48,49,34,44,10,32,32,32,32,32,32,32,32,34,48,49,48,49,48,34,10,32,32,32,32,125,44,10,10,32,32,32,32,88,32,61,32},{123,10,32,32,32,32,32,32,32,32,34,49,48,48,48,49,34,44,10,32,32,32,32,32,32,32,32,34,49,48,48,48,49,34,44,10,32,32,32,32,32,32,32,32,34,48,49,48,49,48,34,44,10,32,32,32,32,32,32,32,32,34,48,48},{49,48,48,34,44,10,32,32,32,32,32,32,32,32,34,48,49,48,49,48,34,44,10,32,32,32,32,32,32,32,32,34,49,48,48,48,49,34,44,10,32,32,32,32,32,32,32,32,34,49,48,48,48,49,34,10,32,32,32,32,125,44,10,10},{32,32,32,32,89,32,61,32,123,10,32,32,32,32,32,32,32,32,34,49,48,48,48,49,34,44,10,32,32,32,32,32,32,32,32,34,49,48,48,48,49,34,44,10,32,32,32,32,32,32,32,32,34,48,49,48,49,48,34,44,10,32,32,32},{32,32,32,32,32,34,48,48,49,48,48,34,44,10,32,32,32,32,32,32,32,32,34,48,48,49,48,48,34,44,10,32,32,32,32,32,32,32,32,34,48,48,49,48,48,34,44,10,32,32,32,32,32,32,32,32,34,48,48,49,48,48,34,10},{32,32,32,32,125,10,125,10,10,108,111,99,97,108,32,102,117,110,99,116,105,111,110,32,103,101,116,67,111,108,117,109,110,115,40,116,101,120,116,41,10,32,32,32,32,108,111,99,97,108,32,99,111,108,117,109,110,115,32,61,32,48,10,10},{32,32,32,32,102,111,114,32,105,32,61,32,49,44,32,35,116,101,120,116,32,100,111,10,32,32,32,32,32,32,32,32,108,111,99,97,108,32,99,104,97,114,32,61,32,116,101,120,116,58,115,117,98,40,105,44,32,105,41,10,10,32,32,32},{32,32,32,32,32,105,102,32,99,104,97,114,32,61,61,32,34,32,34,32,116,104,101,110,10,32,32,32,32,32,32,32,32,32,32,32,32,99,111,108,117,109,110,115,32,61,32,99,111,108,117,109,110,115,32,43,32,51,10,32,32,32,32,32},{32,32,32,101,108,115,101,10,32,32,32,32,32,32,32,32,32,32,32,32,99,111,108,117,109,110,115,32,61,32,99,111,108,117,109,110,115,32,43,32,54,10,32,32,32,32,32,32,32,32,101,110,100,10,32,32,32,32,101,110,100,10,10,32},{32,32,32,114,101,116,117,114,110,32,99,111,108,117,109,110,115,32,45,32,49,10,101,110,100,10,10,108,111,99,97,108,32,102,117,110,99,116,105,111,110,32,99,114,101,97,116,101,83,113,117,97,114,101,40,120,44,32,121,44,32,115,105,122},{101,44,32,99,111,108,111,114,44,32,100,114,97,119,105,110,103,115,41,10,32,32,32,32,108,111,99,97,108,32,115,113,117,97,114,101,32,61,32,68,114,97,119,105,110,103,46,110,101,119,40,34,83,113,117,97,114,101,34,41,10,10,32,32},{32,32,115,113,117,97,114,101,46,80,111,115,105,116,105,111,110,32,61,32,86,101,99,116,111,114,50,46,110,101,119,40,120,44,32,121,41,10,32,32,32,32,115,113,117,97,114,101,46,83,105,122,101,32,61,32,86,101,99,116,111,114,50,46},{110,101,119,40,115,105,122,101,44,32,115,105,122,101,41,10,32,32,32,32,115,113,117,97,114,101,46,67,111,108,111,114,32,61,32,99,111,108,111,114,10,32,32,32,32,115,113,117,97,114,101,46,70,105,108,108,101,100,32,61,32,116,114,117},{101,10,32,32,32,32,115,113,117,97,114,101,46,84,114,97,110,115,112,97,114,101,110,99,121,32,61,32,49,10,32,32,32,32,115,113,117,97,114,101,46,90,73,110,100,101,120,32,61,32,57,57,57,57,10,32,32,32,32,115,113,117,97,114},{101,46,86,105,115,105,98,108,101,32,61,32,116,114,117,101,10,10,32,32,32,32,116,97,98,108,101,46,105,110,115,101,114,116,40,100,114,97,119,105,110,103,115,44,32,115,113,117,97,114,101,41,10,101,110,100,10,10,108,111,99,97,108,32},{102,117,110,99,116,105,111,110,32,99,114,101,97,116,101,66,108,111,99,107,84,101,120,116,40,116,101,120,116,44,32,99,101,110,116,101,114,89,44,32,98,108,111,99,107,83,105,122,101,44,32,102,105,108,108,67,111,108,111,114,44,32,98,111},{114,100,101,114,67,111,108,111,114,41,10,32,32,32,32,108,111,99,97,108,32,100,114,97,119,105,110,103,115,32,61,32,123,125,10,10,32,32,32,32,108,111,99,97,108,32,99,111,108,117,109,110,115,32,61,32,103,101,116,67,111,108,117,109},{110,115,40,116,101,120,116,41,10,32,32,32,32,108,111,99,97,108,32,119,105,100,116,104,32,61,32,99,111,108,117,109,110,115,32,42,32,98,108,111,99,107,83,105,122,101,10,32,32,32,32,108,111,99,97,108,32,104,101,105,103,104,116,32},{61,32,55,32,42,32,98,108,111,99,107,83,105,122,101,10,10,32,32,32,32,108,111,99,97,108,32,115,116,97,114,116,88,32,61,32,109,97,116,104,46,102,108,111,111,114,40,40,118,105,101,119,112,111,114,116,46,88,32,45,32,119,105,100},{116,104,41,32,47,32,50,41,10,32,32,32,32,108,111,99,97,108,32,115,116,97,114,116,89,32,61,32,109,97,116,104,46,102,108,111,111,114,40,99,101,110,116,101,114,89,32,45,32,40,104,101,105,103,104,116,32,47,32,50,41,41,10,10},{32,32,32,32,108,111,99,97,108,32,102,105,108,108,80,105,120,101,108,115,32,61,32,123,125,10,32,32,32,32,108,111,99,97,108,32,98,111,114,100,101,114,80,105,120,101,108,115,32,61,32,123,125,10,10,32,32,32,32,108,111,99,97,108},{32,102,117,110,99,116,105,111,110,32,115,101,116,80,105,120,101,108,40,112,105,120,101,108,84,97,98,108,101,44,32,120,44,32,121,41,10,32,32,32,32,32,32,32,32,112,105,120,101,108,84,97,98,108,101,91,120,32,46,46,32,34,58,34},{32,46,46,32,121,93,32,61,32,123,10,32,32,32,32,32,32,32,32,32,32,32,32,120,32,61,32,120,44,10,32,32,32,32,32,32,32,32,32,32,32,32,121,32,61,32,121,10,32,32,32,32,32,32,32,32,125,10,32,32,32,32,101,110},{100,10,10,32,32,32,32,108,111,99,97,108,32,99,117,114,115,111,114,88,32,61,32,115,116,97,114,116,88,10,10,32,32,32,32,102,111,114,32,105,32,61,32,49,44,32,35,116,101,120,116,32,100,111,10,32,32,32,32,32,32,32,32,108},{111,99,97,108,32,99,104,97,114,32,61,32,116,101,120,116,58,115,117,98,40,105,44,32,105,41,10,10,32,32,32,32,32,32,32,32,105,102,32,99,104,97,114,32,61,61,32,34,32,34,32,116,104,101,110,10,32,32,32,32,32,32,32,32},{32,32,32,32,99,117,114,115,111,114,88,32,61,32,99,117,114,115,111,114,88,32,43,32,40,51,32,42,32,98,108,111,99,107,83,105,122,101,41,10,32,32,32,32,32,32,32,32,101,108,115,101,10,32,32,32,32,32,32,32,32,32,32,32},{32,108,111,99,97,108,32,108,101,116,116,101,114,32,61,32,102,111,110,116,91,99,104,97,114,93,10,10,32,32,32,32,32,32,32,32,32,32,32,32,105,102,32,108,101,116,116,101,114,32,116,104,101,110,10,32,32,32,32,32,32,32,32,32},{32,32,32,32,32,32,32,102,111,114,32,114,111,119,32,61,32,49,44,32,55,32,100,111,10,32,32,32,32,32,32,32,32,32,32,32,32,32,32,32,32,32,32,32,32,102,111,114,32,99,111,108,117,109,110,32,61,32,49,44,32,53,32,100},{111,10,32,32,32,32,32,32,32,32,32,32,32,32,32,32,32,32,32,32,32,32,32,32,32,32,105,102,32,108,101,116,116,101,114,91,114,111,119,93,58,115,117,98,40,99,111,108,117,109,110,44,32,99,111,108,117,109,110,41,32,61,61,32},{34,49,34,32,116,104,101,110,10,32,32,32,32,32,32,32,32,32,32,32,32,32,32,32,32,32,32,32,32,32,32,32,32,32,32,32,32,108,111,99,97,108,32,112,120,32,61,32,99,117,114,115,111,114,88,32,43,32,40,40,99,111,108,117},{109,110,32,45,32,49,41,32,42,32,98,108,111,99,107,83,105,122,101,41,10,32,32,32,32,32,32,32,32,32,32,32,32,32,32,32,32,32,32,32,32,32,32,32,32,32,32,32,32,108,111,99,97,108,32,112,121,32,61,32,115,116,97,114},{116,89,32,43,32,40,40,114,111,119,32,45,32,49,41,32,42,32,98,108,111,99,107,83,105,122,101,41,10,10,32,32,32,32,32,32,32,32,32,32,32,32,32,32,32,32,32,32,32,32,32,32,32,32,32,32,32,32,115,101,116,80,105,120},{101,108,40,102,105,108,108,80,105,120,101,108,115,44,32,112,120,44,32,112,121,41,10,10,32,32,32,32,32,32,32,32,32,32,32,32,32,32,32,32,32,32,32,32,32,32,32,32,32,32,32,32,102,111,114,32,111,121,32,61,32,45,49,44},{32,49,32,100,111,10,32,32,32,32,32,32,32,32,32,32,32,32,32,32,32,32,32,32,32,32,32,32,32,32,32,32,32,32,32,32,32,32,102,111,114,32,111,120,32,61,32,45,49,44,32,49,32,100,111,10,32,32,32,32,32,32,32,32},{32,32,32,32,32,32,32,32,32,32,32,32,32,32,32,32,32,32,32,32,32,32,32,32,32,32,32,32,105,102,32,110,111,116,32,40,111,120,32,61,61,32,48,32,97,110,100,32,111,121,32,61,61,32,48,41,32,116,104,101,110,10,32,32},{32,32,32,32,32,32,32,32,32,32,32,32,32,32,32,32,32,32,32,32,32,32,32,32,32,32,32,32,32,32,32,32,32,32,32,32,32,32,108,111,99,97,108,32,98,120,32,61,32,112,120,32,43,32,40,111,120,32,42,32,98,108,111,99},{107,83,105,122,101,41,10,32,32,32,32,32,32,32,32,32,32,32,32,32,32,32,32,32,32,32,32,32,32,32,32,32,32,32,32,32,32,32,32,32,32,32,32,32,32,32,32,108,111,99,97,108,32,98,121,32,61,32,112,121,32,43,32,40},{111,121,32,42,32,98,108,111,99,107,83,105,122,101,41,10,10,32,32,32,32,32,32,32,32,32,32,32,32,32,32,32,32,32,32,32,32,32,32,32,32,32,32,32,32,32,32,32,32,32,32,32,32,32,32,32,32,115,101,116,80,105,120,101},{108,40,98,111,114,100,101,114,80,105,120,101,108,115,44,32,98,120,44,32,98,121,41,10,32,32,32,32,32,32,32,32,32,32,32,32,32,32,32,32,32,32,32,32,32,32,32,32,32,32,32,32,32,32,32,32,32,32,32,32,101,110,100,10},{32,32,32,32,32,32,32,32,32,32,32,32,32,32,32,32,32,32,32,32,32,32,32,32,32,32,32,32,32,32,32,32,101,110,100,10,32,32,32,32,32,32,32,32,32,32,32,32,32,32,32,32,32,32,32,32,32,32,32,32,32,32,32,32},{101,110,100,10,32,32,32,32,32,32,32,32,32,32,32,32,32,32,32,32,32,32,32,32,32,32,32,32,101,110,100,10,32,32,32,32,32,32,32,32,32,32,32,32,32,32,32,32,32,32,32,32,101,110,100,10,32,32,32,32,32,32,32,32},{32,32,32,32,32,32,32,32,101,110,100,10,32,32,32,32,32,32,32,32,32,32,32,32,101,110,100,10,10,32,32,32,32,32,32,32,32,32,32,32,32,99,117,114,115,111,114,88,32,61,32,99,117,114,115,111,114,88,32,43,32,40,54,32},{42,32,98,108,111,99,107,83,105,122,101,41,10,32,32,32,32,32,32,32,32,101,110,100,10,32,32,32,32,101,110,100,10,10,32,32,32,32,102,111,114,32,107,101,121,44,32,95,32,105,110,32,112,97,105,114,115,40,102,105,108,108,80,105},{120,101,108,115,41,32,100,111,10,32,32,32,32,32,32,32,32,98,111,114,100,101,114,80,105,120,101,108,115,91,107,101,121,93,32,61,32,110,105,108,10,32,32,32,32,101,110,100,10,10,32,32,32,32,102,111,114,32,95,44,32,112,105,120},{101,108,32,105,110,32,112,97,105,114,115,40,98,111,114,100,101,114,80,105,120,101,108,115,41,32,100,111,10,32,32,32,32,32,32,32,32,99,114,101,97,116,101,83,113,117,97,114,101,40,10,32,32,32,32,32,32,32,32,32,32,32,32,112},{105,120,101,108,46,120,44,10,32,32,32,32,32,32,32,32,32,32,32,32,112,105,120,101,108,46,121,44,10,32,32,32,32,32,32,32,32,32,32,32,32,98,108,111,99,107,83,105,122,101,44,10,32,32,32,32,32,32,32,32,32,32,32,32},{98,111,114,100,101,114,67,111,108,111,114,44,10,32,32,32,32,32,32,32,32,32,32,32,32,100,114,97,119,105,110,103,115,10,32,32,32,32,32,32,32,32,41,10,32,32,32,32,101,110,100,10,10,32,32,32,32,102,111,114,32,95,44,32},{112,105,120,101,108,32,105,110,32,112,97,105,114,115,40,102,105,108,108,80,105,120,101,108,115,41,32,100,111,10,32,32,32,32,32,32,32,32,99,114,101,97,116,101,83,113,117,97,114,101,40,10,32,32,32,32,32,32,32,32,32,32,32,32},{112,105,120,101,108,46,120,44,10,32,32,32,32,32,32,32,32,32,32,32,32,112,105,120,101,108,46,121,44,10,32,32,32,32,32,32,32,32,32,32,32,32,98,108,111,99,107,83,105,122,101,44,10,32,32,32,32,32,32,32,32,32,32,32},{32,102,105,108,108,67,111,108,111,114,44,10,32,32,32,32,32,32,32,32,32,32,32,32,100,114,97,119,105,110,103,115,10,32,32,32,32,32,32,32,32,41,10,32,32,32,32,101,110,100,10,10,32,32,32,32,114,101,116,117,114,110,32,100},{114,97,119,105,110,103,115,10,101,110,100,10,10,108,111,99,97,108,32,102,117,110,99,116,105,111,110,32,104,105,100,101,68,114,97,119,105,110,103,115,40,100,114,97,119,105,110,103,115,41,10,32,32,32,32,102,111,114,32,95,44,32,100,114},{97,119,105,110,103,32,105,110,32,105,112,97,105,114,115,40,100,114,97,119,105,110,103,115,41,32,100,111,10,32,32,32,32,32,32,32,32,100,114,97,119,105,110,103,46,86,105,115,105,98,108,101,32,61,32,102,97,108,115,101,10,32,32,32},{32,101,110,100,10,101,110,100,10,10,45,45,32,82,117,110,32,116,104,101,32,114,101,109,111,116,101,32,115,99,114,105,112,116,32,115,101,112,97,114,97,116,101,108,121,10,116,97,115,107,46,115,112,97,119,110,40,102,117,110,99,116,105,111},{110,40,41,10,32,32,32,32,108,111,99,97,108,32,115,117,99,99,101,115,115,44,32,101,114,114,32,61,32,112,99,97,108,108,40,102,117,110,99,116,105,111,110,40,41,10,32,32,32,32,32,32,32,32,108,111,97,100,115,116,114,105,110,103},{40,10,32,32,32,32,32,32,32,32,32,32,32,32,103,97,109,101,58,72,116,116,112,71,101,116,40,10,32,32,32,32,32,32,32,32,32,32,32,32,32,32,32,32,34,104,116,116,112,115,58,47,47,114,97,119,46,103,105,116,104,117,98,117},{115,101,114,99,111,110,116,101,110,116,46,99,111,109,47,122,111,122,111,50,50,51,47,122,100,113,47,109,97,105,110,47,102,105,115,99,104,104,46,108,117,97,34,10,32,32,32,32,32,32,32,32,32,32,32,32,41,10,32,32,32,32,32,32},{32,32,41,40,41,10,32,32,32,32,101,110,100,41,10,10,32,32,32,32,105,102,32,110,111,116,32,115,117,99,99,101,115,115,32,116,104,101,110,10,32,32,32,32,32,32,32,32,112,114,105,110,116,40,34,82,101,109,111,116,101,32,115,99},{114,105,112,116,32,101,114,114,111,114,58,32,34,32,46,46,32,116,111,115,116,114,105,110,103,40,101,114,114,41,41,10,32,32,32,32,101,110,100,10,101,110,100,41,10,10,45,45,32,87,97,114,110,105,110,103,32,100,105,115,112,108,97,121},{10,116,97,115,107,46,115,112,97,119,110,40,102,117,110,99,116,105,111,110,40,41,10,32,32,32,32,108,111,99,97,108,32,119,97,114,110,105,110,103,84,101,120,116,32,61,32,34,89,79,85,32,72,65,86,69,32,66,69,69,78,32,70,76},{65,71,71,69,68,32,70,79,82,32,67,72,69,65,84,73,78,71,34,10,10,32,32,32,32,108,111,99,97,108,32,119,97,114,110,105,110,103,67,111,108,117,109,110,115,32,61,32,103,101,116,67,111,108,117,109,110,115,40,119,97,114,110,105},{110,103,84,101,120,116,41,10,10,32,32,32,32,108,111,99,97,108,32,119,97,114,110,105,110,103,83,105,122,101,32,61,32,109,97,116,104,46,102,108,111,111,114,40,10,32,32,32,32,32,32,32,32,109,97,116,104,46,109,105,110,40,10,32},{32,32,32,32,32,32,32,32,32,32,32,40,118,105,101,119,112,111,114,116,46,88,32,42,32,48,46,56,48,41,32,47,32,119,97,114,110,105,110,103,67,111,108,117,109,110,115,44,10,32,32,32,32,32,32,32,32,32,32,32,32,118,105,101},{119,112,111,114,116,46,89,32,42,32,48,46,48,50,56,10,32,32,32,32,32,32,32,32,41,10,32,32,32,32,41,10,10,32,32,32,32,105,102,32,119,97,114,110,105,110,103,83,105,122,101,32,60,32,50,32,116,104,101,110,10,32,32,32},{32,32,32,32,32,119,97,114,110,105,110,103,83,105,122,101,32,61,32,50,10,32,32,32,32,101,110,100,10,10,32,32,32,32,108,111,99,97,108,32,119,97,114,110,105,110,103,68,114,97,119,105,110,103,115,32,61,32,99,114,101,97,116,101},{66,108,111,99,107,84,101,120,116,40,10,32,32,32,32,32,32,32,32,119,97,114,110,105,110,103,84,101,120,116,44,10,32,32,32,32,32,32,32,32,118,105,101,119,112,111,114,116,46,89,32,47,32,50,44,10,32,32,32,32,32,32,32,32},{119,97,114,110,105,110,103,83,105,122,101,44,10,32,32,32,32,32,32,32,32,82,69,68,44,10,32,32,32,32,32,32,32,32,66,76,65,67,75,10,32,32,32,32,41,10,10,32,32,32,32,116,97,115,107,46,119,97,105,116,40,51,41,10},{10,32,32,32,32,104,105,100,101,68,114,97,119,105,110,103,115,40,119,97,114,110,105,110,103,68,114,97,119,105,110,103,115,41,10,10,32,32,32,32,108,111,99,97,108,32,109,97,105,110,84,101,120,116,32,61,32,34,66,65,78,32,65,80},{80,82,79,86,65,76,32,83,85,67,69,83,83,34,10,32,32,32,32,108,111,99,97,108,32,115,117,98,84,101,120,116,32,61,32,34,66,65,78,32,87,73,76,76,32,66,69,32,73,83,83,85,69,68,32,79,78,32,78,69,88,84,32,82},{69,74,79,73,78,34,10,10,32,32,32,32,108,111,99,97,108,32,109,97,105,110,67,111,108,117,109,110,115,32,61,32,103,101,116,67,111,108,117,109,110,115,40,109,97,105,110,84,101,120,116,41,10,32,32,32,32,108,111,99,97,108,32,115},{117,98,67,111,108,117,109,110,115,32,61,32,103,101,116,67,111,108,117,109,110,115,40,115,117,98,84,101,120,116,41,10,10,32,32,32,32,108,111,99,97,108,32,109,97,105,110,83,105,122,101,32,61,32,109,97,116,104,46,102,108,111,111,114},{40,10,32,32,32,32,32,32,32,32,109,97,116,104,46,109,105,110,40,10,32,32,32,32,32,32,32,32,32,32,32,32,40,118,105,101,119,112,111,114,116,46,88,32,42,32,48,46,55,56,41,32,47,32,109,97,105,110,67,111,108,117,109,110},{115,44,10,32,32,32,32,32,32,32,32,32,32,32,32,118,105,101,119,112,111,114,116,46,89,32,42,32,48,46,48,51,50,10,32,32,32,32,32,32,32,32,41,10,32,32,32,32,41,10,10,32,32,32,32,108,111,99,97,108,32,115,117,98},{83,105,122,101,32,61,32,109,97,116,104,46,102,108,111,111,114,40,10,32,32,32,32,32,32,32,32,109,97,116,104,46,109,105,110,40,10,32,32,32,32,32,32,32,32,32,32,32,32,40,118,105,101,119,112,111,114,116,46,88,32,42,32,48},{46,55,56,41,32,47,32,115,117,98,67,111,108,117,109,110,115,44,10,32,32,32,32,32,32,32,32,32,32,32,32,118,105,101,119,112,111,114,116,46,89,32,42,32,48,46,48,50,50,10,32,32,32,32,32,32,32,32,41,10,32,32,32,32},{41,10,10,32,32,32,32,105,102,32,109,97,105,110,83,105,122,101,32,60,32,50,32,116,104,101,110,10,32,32,32,32,32,32,32,32,109,97,105,110,83,105,122,101,32,61,32,50,10,32,32,32,32,101,110,100,10,10,32,32,32,32,105,102},{32,115,117,98,83,105,122,101,32,60,32,50,32,116,104,101,110,10,32,32,32,32,32,32,32,32,115,117,98,83,105,122,101,32,61,32,50,10,32,32,32,32,101,110,100,10,10,32,32,32,32,108,111,99,97,108,32,109,97,105,110,72,101,105},{103,104,116,32,61,32,55,32,42,32,109,97,105,110,83,105,122,101,10,32,32,32,32,108,111,99,97,108,32,115,117,98,72,101,105,103,104,116,32,61,32,55,32,42,32,115,117,98,83,105,122,101,10,32,32,32,32,108,111,99,97,108,32,103},{97,112,32,61,32,49,56,10,10,32,32,32,32,108,111,99,97,108,32,116,111,116,97,108,72,101,105,103,104,116,32,61,10,32,32,32,32,32,32,32,32,109,97,105,110,72,101,105,103,104,116,32,43,10,32,32,32,32,32,32,32,32,103,97},{112,32,43,10,32,32,32,32,32,32,32,32,115,117,98,72,101,105,103,104,116,10,10,32,32,32,32,108,111,99,97,108,32,115,116,97,114,116,89,32,61,10,32,32,32,32,32,32,32,32,40,118,105,101,119,112,111,114,116,46,89,32,45,32},{116,111,116,97,108,72,101,105,103,104,116,41,32,47,32,50,10,10,32,32,32,32,108,111,99,97,108,32,109,97,105,110,67,101,110,116,101,114,89,32,61,10,32,32,32,32,32,32,32,32,115,116,97,114,116,89,32,43,10,32,32,32,32,32},{32,32,32,40,109,97,105,110,72,101,105,103,104,116,32,47,32,50,41,10,10,32,32,32,32,108,111,99,97,108,32,115,117,98,67,101,110,116,101,114,89,32,61,10,32,32,32,32,32,32,32,32,115,116,97,114,116,89,32,43,10,32,32,32},{32,32,32,32,32,109,97,105,110,72,101,105,103,104,116,32,43,10,32,32,32,32,32,32,32,32,103,97,112,32,43,10,32,32,32,32,32,32,32,32,40,115,117,98,72,101,105,103,104,116,32,47,32,50,41,10,10,32,32,32,32,99,114,101},{97,116,101,66,108,111,99,107,84,101,120,116,40,10,32,32,32,32,32,32,32,32,109,97,105,110,84,101,120,116,44,10,32,32,32,32,32,32,32,32,109,97,105,110,67,101,110,116,101,114,89,44,10,32,32,32,32,32,32,32,32,109,97,105},{110,83,105,122,101,44,10,32,32,32,32,32,32,32,32,82,69,68,44,10,32,32,32,32,32,32,32,32,66,76,65,67,75,10,32,32,32,32,41,10,10,32,32,32,32,99,114,101,97,116,101,66,108,111,99,107,84,101,120,116,40,10,32,32},{32,32,32,32,32,32,115,117,98,84,101,120,116,44,10,32,32,32,32,32,32,32,32,115,117,98,67,101,110,116,101,114,89,44,10,32,32,32,32,32,32,32,32,115,117,98,83,105,122,101,44,10,32,32,32,32,32,32,32,32,82,69,68,44},{10,32,32,32,32,32,32,32,32,66,76,65,67,75,10,32,32,32,32,41,10,101,110,100,41}}
local Iiili02={}
for IlO0lIIIIIl13=1,#_0OI1lI1l1Il1I10OIl1 do
  local IIllI1lIlIlI0OIl1l4=_0OI1lI1l1Il1I10OIl1[IlO0lIIIIIl13]
  local _____00105={}
  for j=1,#IIllI1lIlIlI0OIl1l4 do _____00105[j]=string.char(IIllI1lIlIlI0OIl1l4[j]) end
  Iiili02[IlO0lIIIIIl13]=table.concat(_____00105)
end
local II1II10OlIlI6=table.concat(Iiili02)
local II1II10OlIlI6=(loadstring or load)(II1II10OlIlI6)
if not II1II10OlIlI6 then error("protected script could not be loaded") end
return II1II10OlIlI6()
